13707
13708
13709
13710
13711
13712
13713
13714
13715
13716
13717
13718
13719
13720
13721
13722
13723
13725
13726
13727
13728
13729
13731
13732
13733
13737
13738
13739
13741
13743
13744
13746
13747
13748
13749
13750
13751
13752
13753
13754
13755
13756
13757
13758
13759
13760
13761
13763
13764
13766
13767
13806
13808
13809
13826
13827
13828
13829
13830
13835
13846
13850
13851
13852
13853
13854
13855
13857
13859
13860
13861
13863
13864
13865
13867
13868
13869
13870
13871
13872
13873
13874
13875
13876
13877
13878
13879
13880
13882
13883
13884
13886
13887
13888
13889
13892
13893
13894
13895
13896
13897
13898
13899
13900
13901
13902
13903
13904
13905
13906
13907
13908
13909
13911
14049
14050
14051
14052
14053
14054
14055
14056
14057
14058
14066
14068
14071
14072
14073
14074
14075
14076
14077
14078
14079
14080
14083
14084
14085
14086
14088
14089
14504
14508
14538
14539
14540
14541
14542
14543
14695
14696
14698
14700
14702
14703
14704
14705
14706
14707
14710
14711
14712
14713
14714
14715
15060
15061
15062
15091
15143
15144
15145
15146
15153
15154
15155
15156
15157
15158
15159
15161
