17351
17352
17353
17354
17355
17356
17357
17358
17443
17488
17603
17793
17903
17904
17905
17906
17908
18037
18042
18051
18055
18056
18057
18058
18059
18060
18062
18063
18064
18065
18113
18114
18115
18116
18120
18121
18124
18125
18126
18167
18168
18169
18170
18179
18184
18186
100002
100003
100005
100006
100009
100010
100011
100018
100019
100020
100021
100022
100023
100024
100030
100031
100033
100034
100035
100036
100037
100038
100039
100040
100041
100042
100043
100044
100045
100046
100047
100048
100049
100050
100051
100053
100054
100055
100056
100057
100058
100059
100060
100061
100062
100063
100064
100065
100066
100067
100068
100069
100070
100072
100073
100074
100075
100076
100077
100078
100079
100080
100081
100082
100083
100084
100085
100088
100089
100091
100092
100093
