14700
14702
14703
14704
14705
14706
14707
14710
14711
14712
15623
15656
15662
15663
15664
15665
15666
15667
15668
15669
15670
15671
15672
15673
15674
15675
15676
15677
15678
15679
15680
15681
15682
15683
15686
15687
15690
15691
15692
15693
15694
15695
15696
15697
15698
15699
15701
15702
15703
15704
15705
15706
15707
15708
15709
15711
15713
15714
15715
15717
15719
15724
15726
15727
15728
15734
15735
15736
15737
15738
15739
15741
15743
15745
15746
15747
15748
15749
15750
15751
15752
15753
15754
15755
15756
15757
15787
15789
15791
15792
15795
15798
15799
15800
15804
15805
15806
15807
15810
15811
15812
15813
15814
15815
15837
15838
15840
15841
15843
15844
15846
15849
15850
15851
15852
